""	"input"	"filtered"	"denoised"	"merged"	"tabled"
"BLANK1-A"	4905	2101	2049	1972	1972
"BLANK2-A"	29597	15258	15187	14948	14948
"BS2-1-HH-A"	3093	1578	1556	1538	1538
"BS2-10H-A"	5991	2524	2481	2452	2452
"BS2-1566-DD-A"	60304	25994	25662	25130	25130
"BS2-1566-HD-A"	68259	28830	28199	27211	27211
"BS2-1689-DD-A"	276076	136095	135625	131722	131722
"BS2-1689-HD-A"	64073	27110	26688	25682	25682
"BS2-1842-DD-A"	42216	18306	18110	17423	17423
"BS2-1842-HD-A"	134284	64705	64141	61488	61488
"BS2-1894-HH-A"	107044	52597	52160	50946	50946
"BS2-1925-DD-A"	92561	44454	44154	42707	42707
"BS2-1925-HD-A"	13894	3574	3210	3047	3047
"BS2-2006-DD-A"	244434	122324	121681	116860	116860
"BS2-2006-HD-A"	20101	5036	4816	4576	4576
"BS2-2019-DD-A"	78800	31060	30834	29899	29899
"BS2-2019-HD-A"	36762	12459	12124	11645	11645
"BS2-2048-DD-A"	61583	24472	24005	22305	22305
"BS2-2048-HD-A"	22292	5032	4763	4542	4542
"BS2-2065-HH-A"	126578	64034	63721	62482	62482
"BS2-2076-DD-A"	56535	23151	22790	22146	22146
"BS2-2076-HD-A"	42933	20107	19981	19586	19586
"BS2-2077-DD-A"	161485	81059	80517	77823	77823
"BS2-2077-HD-A"	48496	19074	18704	17907	17907
"BS2-2078-DD-A"	48751	20381	19319	18875	18875
"BS2-2078-HH-A"	183364	91717	91207	88780	88780
"BS2-2079-DD-A"	77752	38448	38096	37105	37105
"BS2-2079-HD-A"	39743	13528	13114	12700	12700
"BS2-2080-DD-A"	431071	212083	211149	204483	204483
"BS2-2080-HD-A"	64244	32350	32267	31951	31951
"BS2-2091-DD-A"	61114	31398	31251	30692	30692
"BS2-2091-HD-A"	66557	28901	28523	28076	28076
"BS2-2149-DD-A"	164509	84142	83843	82366	82366
"BS2-2149-HD-A"	124177	61254	60854	59035	59035
"BS2-2150-HH-A"	7399	1971	1920	1828	1828
"BS2-2155-DD-A"	317348	156939	156289	151801	151801
"BS2-2155-HD-A"	70705	35406	35100	34385	34385
"BS2-2161-DD-A"	251183	102501	102146	99328	99328
"BS2-2179-DD-A"	753876	380107	377386	354220	354220
"BS2-2179-HD-A"	315889	154796	154140	150343	150343
"BS2-2180-DD-A"	122155	56499	55738	53744	53744
"BS2-2180-HD-A"	100220	52736	52567	52220	52220
"BS2-2198-DD-A"	66311	31838	31425	31100	31100
"BS2-2198-HD-A"	37077	16582	16328	16086	16086
"BS2-2415-DD-A"	90411	46300	45978	44756	44756
"BS2-2415-HD-A"	43183	19878	19548	19175	19175
"BS2-2432-DD-A"	179775	94457	94174	93618	93618
"BS2-2432-HD-A"	157954	76920	76397	74889	74889
"BS2-2433-DD-A"	96701	49506	49295	47834	47834
"BS2-2433-HD-A"	55425	25749	25461	25097	25097
"BS2-2474-DD-A"	113358	50085	49290	45954	45954
"BS2-2474-HD-A"	16548	3233	3026	2849	2849
"BS2-2482-DD-A"	444970	230389	229597	213772	213772
"BS2-2482-HD-A"	53993	17982	17511	16037	16037
"BS2-2483-HD-A"	2608	1159	1136	1102	1102
"BS2-3-HH-A"	22375	11884	11729	11510	11510
"BS2-4H-A"	10507	3369	3234	3117	3117
"BS2-5-HH-A"	6167	3045	2999	2981	2981
"BS2-6H-A"	6099	1713	1623	1564	1564
"BS2-7H-A"	8120	3279	3188	3134	3134
"BS2-8H-A"	11529	3098	2952	2902	2902
"BS2-9H-A"	10540	3663	3561	3423	3423
"BS2-1566-DD-O"	22364	15282	14202	13908	13908
"BS2-1566-HD-O"	26969	23706	23576	22958	22958
"BS2-1689-DD-O"	32955	22870	22588	22202	22202
"BS2-1689-HD-O"	1345	1207	1164	1143	1143
"BS2-1842-DD-O"	101464	90151	89734	87935	87935
"BS2-1842-HD-O"	6115	3669	3568	3468	3468
"BS2-1925-DD-O"	9051	5205	4481	4410	4410
"BS2-1925-HD-O"	8446	5539	5385	5271	5271
"BS2-2006-DD-O"	7656	4804	4038	3956	3956
"BS2-2006-HD-O"	10820	7444	7359	7248	7248
"BS2-2019-DD-O"	30378	22388	20905	20191	20191
"BS2-2019-HD-O"	9603	4867	4771	4706	4706
"BS2-2048-DD-O"	10451	6854	5781	5654	5654
"BS2-2048-HD-O"	15434	12205	12060	11896	11896
"BS2-2065-HH-O"	394	237	212	189	189
"BS2-2076-DD-O"	304147	294353	289353	258752	258752
"BS2-2076-HD-O"	64854	44601	44175	41668	41668
"BS2-2077-DD-O"	1043	374	259	234	234
"BS2-2077-HD-O"	374	315	306	299	299
"BS2-2078-DD-O"	4128	3692	3638	3563	3563
"BS2-2078-HD-O"	97025	82624	81564	80111	80111
"BS2-2079-DD-O"	21353	19730	19604	19385	19385
"BS2-2079-HD-O"	29042	24802	24404	23891	23891
"BS2-2080-DD-O"	6093	5601	5565	5444	5444
"BS2-2080-HD-O"	1019	591	527	478	478
"BS2-2091-DD-O"	293293	252196	250373	236925	236925
"BS2-2091-HD-O"	6932	6494	6480	6407	6407
"BS2-2149-DD-O"	18423	15496	15383	15165	15165
"BS2-2149-HD-O"	28212	10898	9596	8911	8911
"BS2-2150-HH-O"	26673	21705	21347	20683	20683
"BS2-2155-DD-O"	115825	96699	95946	92109	92109
"BS2-2155-HD-O"	19707	3972	3801	3526	3526
"BS2-2179-DD-O"	59923	52998	52857	52007	52007
"BS2-2179-HD-O"	19752	15300	15044	14827	14827
"BS2-2180-DD-O"	10183	9040	8953	8808	8808
"BS2-2180-HD-O"	5181	3429	3369	3307	3307
"BS2-2198-DD-O"	5454	4884	4744	4683	4683
"BS2-2198-HD-O"	1461	662	638	573	573
"BS2-2407-DD-O"	3313	2469	2298	2213	2213
"BS2-2407-HD-O"	9257	7241	7109	7040	7040
"BS2-2415-DD-O"	118814	107280	106492	99319	99319
"BS2-2415-HD-O"	53580	45604	45274	43784	43784
"BS2-2432-HH-O"	99342	91142	90337	89360	89360
"BS2-2433-DD-O"	14831	13012	12846	12789	12789
"BS2-2433-HD-O"	4717	3866	3821	3788	3788
"BS2-2453-DD-O"	6918	6381	6308	6275	6275
"BS2-2453-HD-O"	6582	3168	3058	2980	2980
"BS2-2460-DD-O"	8238	7564	7520	7501	7501
"BS2-2460-HD-O"	528	177	129	116	116
"BS2-2464-DD-O"	7929	7098	7032	6965	6965
"BS2-2464-HD-O"	18497	3142	2945	2802	2802
"BS2-2474-DD-O"	3234	2372	2226	2162	2162
"BS2-2474-HD-O"	38489	29294	29085	28399	28399
"BS2-2475-DD-O"	338601	321334	320076	307223	307223
"BS2-2475-HD-O"	11431	6323	6159	5972	5972
"BS2-2478-DD-O"	22782	20224	20163	19821	19821
"BS2-2478-HD-O"	1382	942	882	863	863
"BS2-2479-DD-O"	76140	60904	60135	56170	56170
"BS2-2479-HD-O"	13876	8683	7683	7568	7568
"BS2-2480-HD-O"	7288	4506	3801	3721	3721
"BS2-2482-DD-O"	24625	21126	20240	19424	19424
"BS2-2482-HD-O"	80354	71701	71453	68359	68359
"BS2-2483-DD-O"	53036	44659	44601	44200	44200
"BS2-2483-HD-O"	12125	9253	9161	8817	8817
"BS2-2499-DD-O"	41635	37140	36897	36267	36267
"BS2-2499-HD-O"	35496	25489	25334	24564	24564
"BS2-2500-DD-O"	49485	45519	44541	43278	43278
"BS2-2500-HD-O"	151781	135271	134556	129390	129390
"BS2-2662-HH-O"	15782	4280	4109	4050	4050
"BS2-2672-HH-O"	80423	73455	71587	67586	67586
"BS2-2673-HH-O"	4131	2939	2910	2855	2855
"BS2-2675-DD-O"	13514	12478	12439	12373	12373
"BS2-2675-HD-O"	698	153	101	87	87
"BS2-2683-HH-O"	587	188	145	130	130
"BS2-2685-DD-O"	4868	3060	2418	2353	2353
"BS2-2685-HD-O"	34513	32158	31918	31029	31029
"BS2-2694-HH-O"	64129	56742	56586	56027	56027
"BS2-Blank-1-O"	57647	53947	53851	52562	52562
"BS2-1566-DD-D"	36122	31423	30118	27974	27974
"BS2-1566-HD-D"	52969	47942	47201	46806	46806
"BS2-1689-DD-D"	13036	10905	10766	10752	10752
"BS2-1689-HD-D"	28451	11773	8970	8928	8928
"BS2-1842-HD-D"	133035	113825	113078	111793	111793
"BS2-1925-HD-D"	23966	20668	20160	19585	19585
"BS2-2006-DD-D"	57843	35955	30398	25098	25098
"BS2-2006-HD-D"	35861	15883	15031	14924	14924
"BS2-2019-HD-D"	72352	53330	52652	50921	50921
"BS2-2048-DD-D"	106372	50275	40023	37248	37248
"BS2-2065-DD-D"	20342	12576	10782	10383	10383
"BS2-2065-HD-D"	30571	27925	27528	27206	27206
"BS2-2076-HD-D"	46298	29073	25280	23198	23198
"BS2-2077-DD-D"	385029	368113	367583	351417	351417
"BS2-2078-HD-D"	30931	19451	17432	17238	17238
"BS2-2079-DD-D"	68527	55817	55134	54666	54666
"BS2-2079-HD-D"	56191	28583	21253	19262	19262
"BS2-2091-DD-D"	78115	63637	61558	60376	60376
"BS2-2091-HD-D"	8873	5261	4641	4630	4630
"BS2-2149-HD-D"	163930	134386	132848	131826	131826
"BS2-2155-DD-D"	156559	132979	129383	126941	126941
"BS2-2155-HD-D"	65632	18520	7581	6285	6285
"BS2-2180-DD-D"	147735	133202	131686	129887	129887
"BS2-2180-HD-D"	43075	35309	33466	32618	32618
"BS2-2407-HD-D"	44467	36077	35425	35213	35213
"BS2-2415-HD-D"	84694	66912	63340	61289	61289
"BS2-2432-HD-D"	25135	13324	13163	12081	12081
"BS2-2433-HD-D"	16408	14218	14088	14058	14058
"BS2-2453-HD-D"	38124	34830	34658	33716	33716
"BS2-2460-HD-D"	32121	27816	27157	26893	26893
"BS2-2464-DD-D"	66284	48923	44329	39328	39328
"BS2-2474-DD-D"	206019	185030	181668	169218	169218
"BS2-2474-HD-D"	93771	58441	56171	55143	55143
"BS2-2475-DD-D"	111032	102434	101711	100750	100750
"BS2-2475-HD-D"	33107	19744	19219	19145	19145
"BS2-2478-HD-D"	70965	27755	11559	9378	9378
"BS2-2479-DD-D"	123507	88166	87123	86221	86221
"BS2-2479-HD-D"	80642	40120	27673	25477	25477
"BS2-2480-DD-D"	128578	93858	89036	87284	87284
"BS2-2480-HD-D"	67470	42087	35708	35011	35011
"BS2-2483-DD-D"	31582	15095	10209	8357	8357
"BS2-2499-HD-D"	141693	123403	121237	118300	118300
"BS2-2500-DD-D"	80516	75138	74954	74110	74110
"BS2-2500-HD-D"	125131	109533	107838	105981	105981
"BS2-2652-DD-D"	178982	165189	162694	159875	159875
"BS2-2652-HD-D"	26645	7983	7793	7782	7782
"BS2-2661-DD-D"	4582	4391	4364	4364	4364
"BS2-2661-HD-D"	27926	23987	23689	23160	23160
"BS2-2662-HH-D"	5387	4647	4576	4416	4416
"BS2-2673-HH-D"	63036	43357	39378	38621	38621
"BS2-2674-DD-D"	32339	30084	29920	29832	29832
"BS2-2674-HD-D"	12873	6199	5964	5905	5905
"BS2-2675-HD-D"	110929	97955	96323	95673	95673
"BS2-2683-HH-D"	35059	21596	18256	17273	17273
"BS2-2685-HD-D"	4026	3548	3512	3509	3509
"BS2-2693-HD-D"	88069	76693	75963	75382	75382
"BS2-2694-HH-D"	109713	96376	95116	93348	93348
