""	"input"	"filtered"	"denoised"	"merged"	"tabled"
"blank-pb4"	845	108	81	71	71
"blank-pb5"	1015	102	81	73	73
"blank-pb6"	6173	5102	5006	4235	4235
"blank-pb7"	627	296	280	274	274
"blank-pb8"	1435	492	466	442	442
"BS3-2041-HH-C"	9463	6129	5974	5642	5642
"BS3-2116-HD-A"	5082	3074	2072	1873	1873
"BS3-2116-HH-C"	16275	13155	12969	9962	9962
"BS3-2264-DD-C"	41401	36958	36186	32431	32431
"BS3-2264-HD-C"	31640	28660	26952	25465	25465
"BS3-2265-DD-C"	10648	8463	7157	6091	6091
"BS3-2265-HD-C"	7074	3606	1405	1225	1225
"BS3-2266-DD-C"	10451	7299	6844	6156	6156
"BS3-2266-HD-C"	7712	4754	2809	2430	2430
"BS3-2267-HH-C"	4625	3171	2068	1846	1846
"BS3-2268-HH-C"	8552	4756	2451	2180	2180
"BS3-2362-DD-C"	10741	8816	7856	6795	6795
"BS3-2362-HD-C"	13784	10146	5972	5542	5542
"BS3-2363-HH-C"	12047	7349	7153	2876	2876
"BS3-2364-DD-C"	28801	25774	23064	21744	21744
"BS3-2364-HD-C"	9160	6669	3470	3299	3299
"BS3-2365-DD-C"	60514	47525	42524	39966	39966
"BS3-2365-HD-C"	13152	10027	8069	7722	7722
"BS3-2366-DD-C"	15595	12572	10093	8247	8247
"BS3-2366-HD-C"	25315	23286	21641	20994	20994
"BS3-2429-DD-C"	21119	17801	16670	10115	10115
"BS3-2429-HD-C"	8267	5771	3131	2825	2825
"BS3-2451-HH-C"	5213	3275	1799	1599	1599
"BS3-2503-HH-C"	7950	7446	4865	4270	4270
"BS3-2504-HH-A"	5644	4155	3639	3376	3376
"BS3-2504-HH-C"	17448	12833	9859	9181	9181
"BS3-2505-DD-C"	20508	17616	15798	14519	14519
"BS3-2505-HD-C"	23236	20037	17268	16304	16304
"BS3-2506-HH-C"	6137	3421	3281	3131	3131
"BS3-2507-DD-C"	7958	5413	2793	2533	2533
"BS3-2507-HD-C"	21617	18668	16345	13505	13505
"BS3-2512-HH-C"	4634	2879	1223	1092	1092
"BS3-2513-DD-C"	13988	9252	8126	7557	7557
"BS3-2513-HD-C"	6301	4535	4390	4070	4070
"BS3-2516-DD-C"	28787	26511	25584	24494	24494
"BS3-2516-HD-C"	25323	21825	20484	19525	19525
"BS3-2517-HH-C"	7011	4614	4448	2625	2625
"BS3-2549-HH-C"	6505	4263	2756	2533	2533
"BS3-2564-HH-C"	7100	4635	2427	2136	2136
"BS3-2565-HH-C"	7942	5996	2856	2577	2577
"BS3-2568-DD-C"	21665	18645	16135	13527	13527
"BS3-2568-HD-C"	5891	3790	3673	3585	3585
"BS3-2569-HH-C"	9978	5696	5285	5102	5102
"BS3-2581-DD-A"	21303	17779	16444	14360	14360
"BS3-2581-DD-C"	19314	16047	13049	11159	11159
"BS3-2581-HD-C"	8684	5910	3781	3332	3332
"BS3-2615-H-C"	7189	5207	2980	2783	2783
"BS3-2628-H-C"	8817	6190	3224	2836	2836
"BS3-2629-HH-C"	33200	29604	26882	25657	25657
"BS3-2631-H-C"	15233	12699	9066	8360	8360
"BS3-2634-DD-C"	23605	21433	18691	17673	17673
"BS3-2634-HD-C"	10539	7741	4070	3547	3547
"BS3-2635-DD-C"	23908	21870	19860	16183	16183
"BS3-2635-HD-C"	9395	5677	2521	2262	2262
"BS3-2688-HH-C"	5418	2763	2632	2496	2496
"BS3-2697-H-C"	10849	9239	8985	5866	5866
"BS3-2698-H-C"	4662	3135	1802	1641	1641
"BS3-2753-DD-C"	43760	40906	39349	34647	34647
"BS3-2753-HD-C"	26670	24764	23025	20676	20676
"BS3-2769-HD-C"	13083	10756	8503	7503	7503
"BS3-2769-HH-C"	4909	3287	1713	1490	1490
"BS3-2799-DD-C"	27894	26261	24880	22810	22810
"BS3-2799-HD-C"	15014	13450	11728	10664	10664
"BS3-2814-HD-C"	10000	8905	7676	7040	7040
"BS3-2832-HH-C"	7554	5974	4861	4135	4135
"BS3-2834-DD-B"	23521	21418	20679	18308	18308
"BS3-2834-DD-C"	16223	13948	11483	9980	9980
"BS3-2834-HD-B"	11632	6876	2739	2484	2484
"BS3-2834-HD-C"	6938	4643	3026	2787	2787
"BS3-2848-HH-B"	4974	3127	2974	1338	1338
"BS3-2848-HH-C"	6887	4834	1672	1525	1525
"BS3-2880-HH-B"	5266	3391	3285	1077	1077
"BS3-2880-HH-C"	9052	5615	5456	5204	5204
"BS3-2896-HH-B"	5058	4104	3169	2619	2619
"BS3-2896-HH-C"	8356	6514	4931	4735	4735
"BS3-2897-HH-B"	16585	14030	12516	12097	12097
"BS3-2897-HH-C"	6142	4962	2419	2281	2281
"BS3-2899-HD-C"	42031	39169	35648	29453	29453
"BS3-2899-HH-B"	7675	4512	1655	1527	1527
"BS3-2899-HH-C"	8435	5761	3067	2837	2837
"MK48-5-2452-DD-A"	42283	38284	36905	33607	33607
"MK48-5-2452-DD-B"	69153	65949	65371	59860	59860
"MK48-5-2452-HD-A"	14615	9824	6055	5282	5282
"MK48-5-2454-DD-A"	46117	43074	41039	34446	34446
"MK48-5-2454-HD-A"	8203	5540	5351	5130	5130
"MK48-5-2456-DD-A"	27852	24475	22334	19387	19387
"MK48-5-2456-DD-B"	61634	60456	60107	58670	58670
"MK48-5-2456-HD-A"	14849	10550	7149	6704	6704
"MK48-5-2456-HD-B"	31076	29233	28093	27577	27577
"MK48-5-2457-DD-A"	2958	1668	1014	881	881
"MK48-5-2457-HD-A"	8376	5480	4108	3844	3844
"MK48-5-2457-HH-B"	60712	58782	57988	55939	55939
"MK48-5-2458-DD-A"	7862	6161	4921	4283	4283
"MK48-5-2458-DD-B"	35392	34095	33952	33298	33298
"MK48-5-2458-HD-A"	7395	5149	2647	2453	2453
"MK48-5-2458-HD-B"	48005	45430	44740	42493	42493
"MK48-5-2459-DD-A"	44103	42049	41189	37007	37007
"MK48-5-2459-DD-B"	37140	35976	35447	32682	32682
"MK48-5-2459-HD-B"	21372	20709	20515	20168	20168
"MK48-5-2462-DD-B"	41829	40501	40361	39465	39465
"MK48-5-2462-HD-B"	53342	52767	52508	52009	52009
"MK48-5-2463-DD-A"	46321	43206	42056	40133	40133
"MK48-5-2463-HD-A"	4887	2547	2391	2189	2189
"MK48-5-2465-DD-A"	66288	61319	59392	51651	51651
"MK48-5-2465-HD-A"	13622	10543	10275	7883	7883
"MK48-5-2465-HH-B"	65229	63295	62962	60698	60698
"MK48-5-2467-DD-A"	31102	27775	25115	20860	20860
"MK48-5-2467-HD-A"	20520	16374	12249	11513	11513
"MK48-5-2471-DD-A"	15322	13966	12180	10196	10196
"MK48-5-2471-HD-A"	3851	2666	1234	1130	1130
"MK48-5-2472-DD-A"	8589	7121	6152	5636	5636
"MK48-5-2472-HD-A"	10234	7411	4671	4404	4404
"MK48-5-2473-DD-A"	14251	13094	12415	11407	11407
"MK48-5-2473-HH-B"	83538	81235	80793	76315	76315
"MK48-5-2477-DD-B"	69768	67597	67155	64346	64346
"MK48-5-2484-DD-A"	28082	25572	23088	21425	21425
"MK48-5-2484-DD-B"	43636	42780	42245	40812	40812
"MK48-5-2484-HD-A"	12700	9935	9673	5828	5828
"MK48-5-2484-HD-B"	57007	56473	56239	55057	55057
"MK48-5-2485-DD-A"	79414	73321	71078	61186	61186
"MK48-5-2485-DD-B"	56250	54454	53687	50085	50085
"MK48-5-2485-HD-A"	23873	21071	18759	16374	16374
"MK48-5-2485-HD-B"	51401	49343	48157	46568	46568
"MK48-5-2486-DD-B"	27850	26922	26545	24944	24944
"MK48-5-2486-HD-A"	14299	11134	10739	7275	7275
"MK48-5-2486-HD-B"	41251	40316	39977	39307	39307
"MK48-5-2491-DD-A"	22900	20068	19153	16920	16920
"MK48-5-2491-DD-B"	40254	38851	38496	37099	37099
"MK48-5-2491-HD-A"	1627	551	365	292	292
"MK48-5-2492-DD-A"	38337	35918	34428	29384	29384
"MK48-5-2492-HD-A"	14784	11455	10965	6727	6727
"MK48-5-2493-DD-A"	15644	13251	11956	10131	10131
"MK48-5-2493-HD-A"	2034	648	587	567	567
"MK48-5-2494-DD-A"	63482	58707	56689	47814	47814
"MK48-5-2494-HD-A"	10301	8641	7103	6649	6649
"MK48-5-2495-H-A"	68501	66967	66393	59309	59309
"MK48-5-2496-DD-A"	54600	51416	50370	44060	44060
"MK48-5-2496-HD-A"	4526	3274	1805	1610	1610
"MK48-5-2601-DD-A"	49043	46861	46134	43358	43358
"MK48-5-2601-HD-A"	35741	34325	33360	31289	31289
"MK48-5-2602-DD-A"	19175	15739	14725	13430	13430
"MK48-5-2602-HD-A"	6368	5264	4214	3963	3963
"MK48-5-2620-DD-A"	21731	20115	18921	17257	17257
"MK48-5-2620-HD-A"	26092	23825	22473	19439	19439
"MK48-5-2622-DD-A"	21139	20001	18871	16707	16707
"MK48-5-2622-HD-A"	24791	23266	22904	21670	21670
"MK48-5-2625-DD-A"	31996	30671	30094	27880	27880
"MK48-5-2625-HD-A"	26438	25278	24156	21647	21647
"MK48-5-2639-DD-A"	57109	54617	53642	50130	50130
"MK48-5-2639-HD-A"	53139	51070	50389	44759	44759
"MK48-5-2656-DD-A"	25210	24793	24566	23298	23298
"MK48-5-2656-HD-A"	11355	9953	8511	7787	7787
"MK48-5-2660-DD-A"	47092	44354	42434	39371	39371
"MK48-5-2660-HD-A"	45398	43753	42431	36773	36773
"MK48-5-2666-DD-A"	21734	20665	20371	19132	19132
"MK48-5-2666-HD-A"	41307	39843	39127	35749	35749
"MK48-5-2667-DD-A"	26441	24977	24537	23423	23423
"MK48-5-2667-HD-A"	26544	25117	23866	21235	21235
"MK48-5-2668-DD-A"	42023	40032	39133	37624	37624
"MK48-5-2668-HD-A"	56782	54477	53887	48044	48044
"MK48-5-2669-DD-A"	65110	56712	55559	52099	52099
"MK48-5-2669-HD-A"	42685	40651	39278	36225	36225
"MK48-5-2670-DD-A"	30543	28174	26929	24596	24596
"MK48-5-2670-HD-A"	28136	25191	24841	21007	21007
"MK48-5-2671-DD-A"	52285	50660	50151	45909	45909
"MK48-5-2671-DD-B"	38830	38528	38257	37312	37312
"MK48-5-2671-HD-A"	8166	5915	5777	5648	5648
"MK48-5-2676-DD-A"	22612	21225	20419	18455	18455
"MK48-5-2676-HD-A"	18084	17062	16382	14910	14910
"MK48-5-2678-DD-A"	16681	15588	14716	12892	12892
"MK48-5-2678-HD-A"	10899	10127	9474	8937	8937
"MK48-5-2679-DD-A"	8176	7403	7200	6639	6639
"MK48-5-2679-HD-A"	12711	11121	10215	9941	9941
"MK48-5-2680-DD-A"	17661	15323	14435	13458	13458
"MK48-5-2680-HD-A"	6391	4232	2495	2300	2300
"MK48-5-2686-DD-A"	16933	16227	15578	14649	14649
"MK48-5-2686-HD-A"	14095	12808	11986	11339	11339
"MK48-5-2687-DD-A"	44196	42046	40627	37179	37179
"MK48-5-2687-HD-A"	3204	1656	1563	1547	1547
"MK48-5-2700-DD-A"	27228	25857	24941	22655	22655
"MK48-5-2700-HD-A"	21388	20308	19623	18491	18491
